10026110 59
10781128 52.25
10792125 55.1
12424115 50.65
12563110 55.4
13206115 48.8
14842124 48.95
15219116 53.25
15678113 45.75
15688112 56.95
15948110 43.75
17839119 48.35
18562116 53.65
20656120 52.7
21608120 53.1
22003123 55.2
22164123 48.5
22253124 45.45
22505119 53.05
22689129 51
23410111 43.75
23681117 41.25
23998099 54.25
24350118 53.2
24442097 48.05
24483117 46.2
24575110 54.9
24588113 50.15
24791113 50.4
24826125 44.2
25166117 56.75
25173113 55.5
25175118 49.95
25179110 56.5
25397118 54.75
25415118 55.25
25608084 55.75
25721119 52.7
25899105 52.15
25930108 44.1
25985102 47
26064105 48.75
26250118 51.45
26630103 51.25
26685107 44
26898106 52.45
27465095 48.6
28336105 51.95
29093119 51.1
29454113 51.2
29457074 45.35
29956117 52.5
30209118 52.55
30230114 52.65
30563118 46
30685119 54.45
30891113 55.65
30984116 58
31523111 54.2
31645112 57.45
31729114 51.85
31851116 46.95
32136111 41.35
32162091 52.45
32471112 46.75
32510117 57
32592115 54.9
32662108 37.75
32843112 45.85
32966111 55.5
33263112 58.2
33820119 37.25
34095117 56.95
34965103 55.75
34995118 55.45
36048114 53.2
36152114 51.4
36251114 50.95
36574093 46.9
36865111 50.1
36916112 53.2
37505112 48.95
37597119 51.7
37621117 43.45
37723111 51.95
37748118 56.7
38274114 57.55
38520110 49.6
38604112 55.95
38962106 58
39674114 54.25
39683115 56.7
39982111 50.5
41409095 45.85
41647108 56.95
41709106 51.45
41772112 48.95
42319103 56.75
42357103 50.95
42531103 56.4
42698100 50.3
42812107 59.75
42888107 52.45
43103100 55.75
43224104 57.5
43380104 55.9
43463108 53.2
43509108 55.75
43686104 45.85
43808104 54.8
43941103 55.6
44396109 54.55
45649100 59.5
45866100 45.75
46179073 45.95
46282109 57.85
46724100 55.5
46978102 51.7
47098108 54.5
47437116 41.85
47573100 45.75
47955109 58.25
48017107 54.65
48309116 52.1
49012107 51.85
49084106 56.45
49158108 53.3
49542103 47.4
50014109 49
50026103 53.75
50156108 47
50249101 57.05
50681105 49
50998103 51.2
53392106 56.5
53463105 49.4
53671103 47.25
54813118 48.7
54847108 34.2
56269103 51.1
58644105 48.95
59080101 58
60026101 52.2
61121083 51.95
64331135 42.75
66387085 52.65
69736080 41.25
70730098 48.75
